3	7	30	10	0	1826928413	0
3	7	30	10	0.1	10253	1093
3	5	30	30	0.0	3430506677	0
3	5	30	30	0.1	40640	4557
3	5	30	30	0.2	18460	4494
3	5	30	30	0.3	10475	4556
3	5	30	30	0.4	7099	4587
3	5	30	30	0.5	3531	3573
3	5	30	30	0.6	3072	4553
3	5	30	30	0.7	1880	4418
3	5	30	30	0.8	1133	4519
3	5	30	30	0.9	487	4432
3	5	30	30	1	0	4466
5	5	30	30	0	4219753011	0
5	5	30	30	0.1	46457	5053
5	5	30	30	0.2	19761	4971
5	5	30	30	0.3	11357	4942
5	5	30	30	0.4	6650	4424
5	5	30	30	0.5	5054	4907
5	5	30	30	0.6	2848	4367
5	5	30	30	0.7	2113	4849
5	5	30	30	0.8	1200	4760
5	5	30	30	0.9	527	4870
5	5	30	30	1	0	4643

150 files
5	5	30	30	0	4043299422	0
5	5	30	30	0.1	44317	4942
5	5	30	30	0.2	18152	4486
5	5	30	30	0.3	10384	4466
5	5	30	30	0.4	7100	4822
5	5	30	30	0.5	4845	4863
5	5	30	30	0.6	3114	4838
5	5	30	30	0.7	2106	4937
5	5	30	30	0.8	1126	4403
5	5	30	30	0.9	502	4404
5	5	30	30	1	0	4366

300 files
5	5	30	30	0.1	43302	4931
5	5	30	30	0.2	17691	4563
5	5	30	30	0.3	10543	4461
