5	5	30	30	0.1	43851	4975	4417	1012133	45528	6004274
5	5	30	30	0.2	17965	4412	5248	1188847	76791	6008846
5	5	30	30	0.3	11586	4978	5762	1048181	65665	5959296
5	5	30	30	0.4	6342	4295	7294	1235624	104528	6173126
5	5	30	30	0.5	4784	4874	5022	1092540	139001	6051521
5	5	30	30	0.6	3003	4462	6982	1195768	87988	6106855
5	5	30	30	0.7	1879	4651	6490	1142207	337871	6186701
5	5	30	30	0.8	1092	4289	8009	1231036	113758	6119939
5	5	30	30	0.9	470	4217	24220	1249428	606711	6200382
5	5	30	30	1	0	4357	0	1209455	-2147483648	6330132


